cam0:
  T_cam_imu:
  - [-0.00596386151962109, -0.9999548067377452, 0.0074038393994521196, 0.05250867995679271]
  - [-0.9999628101053462, 0.006009708608102947, 0.006185613038727172, 0.0077584026106338085]
  - [-0.006229828408066805, -0.007366673911867888, -0.999953459593736, -0.04241050920541196]
  - [0.0, 0.0, 0.0, 1.0]
  cam_overlaps: []
  camera_model: pinhole
  distortion_coeffs: [0.023584346301328347, -0.006764098468377487, 0.010259071387776937,
    -0.0037561745737771414]
  distortion_model: equidistant
  intrinsics: [743.4286936207343, 743.5545205462922, 618.7186883884866, 506.7275058699658]
  resolution: [1280, 1024]
  rostopic: /cam0/image_raw
  timeshift_cam_imu: 0.0
cam1:
  T_cam_imu:
  - [-0.0027687291789002095, -0.9999872674970001, 0.004218884048773266, -0.05688384754602901]
  - [-0.9999356528558058, 0.002814949729190873, 0.010989367855138411, 0.007618902284014501]
  - [-0.011001103879489809, -0.004188185992194848, -0.9999307150055582, -0.042436390295094266]
  - [0.0, 0.0, 0.0, 1.0]
  T_cn_cnm1:
  - [0.9999898230675194, -0.0032149094951349666, 0.003165141123167508, -0.10923281531657063]
  - [0.0032300187644357624, 0.9999833583589267, -0.0047801656858271774, -0.0005117044964461212]
  - [-0.003149720649973306, 0.004790340503623662, 0.9999835658138021, 0.00010164421140626545]
  - [0.0, 0.0, 0.0, 1.0]
  cam_overlaps: []
  camera_model: pinhole
  distortion_coeffs: [0.019327620961435945, 0.006784242994724914, -0.008658628531456217,
    0.0051893686731546585]
  distortion_model: equidistant
  intrinsics: [739.1654756101043, 739.1438452683457, 625.826167006398, 517.3370973594253]
  resolution: [1280, 1024]
  rostopic: /cam1/image_raw
  timeshift_cam_imu: 0.0
